1,0,0,0,1,0,0,0,1,0,0,0.5,0
1,0,0,0,1,0,0,0,1,3.727393231797e-07,0,0.500000211949811,0
0.99999999998917,0,4.65402378598445e-06,0,1,0,-4.65402378598445e-06,0,0.99999999998917,2.96694408944138e-06,0,0.500001687076718,0
0.999999999877879,0,1.56282668914336e-05,0,1,0,-1.56282668914336e-05,0,0.999999999877879,9.96306441226492e-06,0,0.500005665168896,0
0.999999999320748,0,3.68578760728021e-05,0,1,0,-3.68578760728021e-05,0,0.999999999320748,2.3497142225096e-05,0,0.500013360547054,0
0.999999997435003,0,7.16239768681454e-05,0,1,0,-7.16239768681454e-05,0,0.999999997435003,4.56612150648525e-05,0,0.500025962056429,0
0.999999992418414,0,0.000123138835905671,0,1,0,-0.000123138835905671,0,0.999999992418414,7.85037562149608e-05,0,0.500044632994754,0
0.999999981075862,0,0.000194546333956747,0,1,0,-0.000194546333956747,0,0.999999981075862,0.000124030147897544,0,0.500070510981921,0
0.999999958261911,0,0.000288922438767911,0,1,0,-0.000288922438767911,0,0.999999958261911,0.000184203184771679,0,0.500104707776022,0
0.999999916246706,0,0.000409275677531628,0,1,0,-0.000409275677531628,0,0.999999916246706,0.000260943604995355,0,0.500148309040381,0
0.999999844012272,0,0.000558547608811175,0,1,0,-0.000558547608811175,0,0.999999844012272,0.000356130646168468,0,0.500202374066018,0
0.999999726486051,0,0.000739613293687841,0,1,0,-0.000739613293687841,0,0.999999726486051,0.000471602623532689,0,0.500267935453819,0
0.99999954371827,0,0.000955281765849774,0,1,0,-0.000955281765849774,0,0.99999954371827,0.00060915752785642,0,0.500345998760518,0
0.999999270009517,0,0.00120829650029212,0,1,0,-0.00120829650029212,0,0.999999270009517,0.000770553640486218,0,0.500437542112423,0
0.999998872994652,0,0.00150133588024863,0,1,0,-0.00150133588024863,0,0.999998872994652,0.000957510163097049,0,0.500543515790681,0
0.999998312688979,0,0.00183701366192622,0,1,0,-0.00183701366192622,0,0.999998312688979,0.00117170785972292,0,0.500664841791673,0
0.999997540502378,0,0.00221787943656724,0,1,0,-0.00221787943656724,0,0.999997540502378,0.00141478970869963,0,0.500802413366021,0
0.999996498226871,0,0.00264641908931933,0,1,0,-0.00264641908931933,0,0.999996498226871,0.00168836156220046,0,0.500957094539508,0
0.999995117002907,0,0.00312505525435126,0,1,0,-0.00312505525435126,0,0.999995117002907,0.00199399281109522,0,0.501129719619055,0
0.999993316269422,0,0.00365614776561454,0,1,0,-0.00365614776561454,0,0.999993316269422,0.00233321705291383,0,0.501321092686792,0
0.999991002702541,0,0.00424199410261621,0,1,0,-0.00424199410261621,0,0.999991002702541,0.00270753276074671,0,0.501531987085068,0
0.999988069147591,0,0.00488482983053778,0,1,0,-0.00488482983053778,0,0.999988069147591,0.00311840395096619,0,0.501763144895159,0
0.999984393548892,0,0.00558682903400953,0,1,0,-0.00558682903400953,0,0.999984393548892,0.00356726084770784,0,0.502015276412247,0
0.999979837881616,0,0.00635010474382827,0,1,0,-0.00635010474382827,0,0.999979837881616,0.00405550054210483,0,0.502289059619168,0
0.999974247089804,0,0.00717670935589065,0,1,0,-0.00717670935589065,0,0.999974247089804,0.00458448764432623,0,0.502585139661261,0
0.999967448034467,0,0.00806863504160318,0,1,0,-0.00806863504160318,0,0.999967448034467,0.00515555492652757,0,0.502904128324554,0
0.999959248455501,0,0.00902781414902474,0,1,0,-0.00902781414902474,0,0.999959248455501,0.00577000395488412,0,0.503246603519403,0
0.999949435950994,0,0.0100561195939968,0,1,0,-0.0100561195939968,0,0.999949435950994,0.0064291057089376,0,0.503613108771582,0
0.999937776977323,0,0.0111553652405219,0,1,0,-0.0111553652405219,0,0.999937776977323,0.00713410118655312,0,0.504004152722733,0
0.999924015873273,0,0.0123273062696621,0,1,0,-0.0123273062696621,0,0.999924015873273,0.00788620199284808,0,0.504420208641964,0
0.999907873911262,0,0.0135736395362439,0,1,0,-0.0135736395362439,0,0.999907873911262,0.00868659091152302,0,0.504861713950318,0
0.999889048378586,0,0.0148960039126781,0,1,0,-0.0148960039126781,0,0.999889048378586,0.009536422457095,0,0.505329069759694,0
0.999867211691461,0,0.016295980619231,0,1,0,-0.016295980619231,0,0.999867211691461,0.010436823406605,0,0.505822640427778,0
0.999842010544486,0,0.0177750935401115,0,1,0,-0.0177750935401115,0,0.999842010544486,0.0113888933094449,0,0.5063427531304,0
0.999813065097992,0,0.019334809524779,0,1,0,-0.019334809524779,0,0.999813065097992,0.0123937049740247,0,0.506889697452702,0
0.999779968205636,0,0.0209765386739164,0,1,0,-0.0209765386739164,0,0.999779968205636,0.0134523049300788,0,0.507463725000387,0
0.999742284684435,0,0.022701634609559,0,1,0,-0.022701634609559,0,0.999742284684435,0.0145657138654862,0,0.508065049032292,0
0.999699550629309,0,0.0245113947289199,0,1,0,-0.0245113947289199,0,0.999699550629309,0.0157349270365618,0,0.508693844115418,0
0.99965127277408,0,0.0264070604415094,0,1,0,-0.0264070604415094,0,0.99965127277408,0.0169609146508582,0,0.509350245803523,0
0.999596927900745,0,0.0283898173892012,0,1,0,-0.0283898173892012,0,0.999596927900745,0.0182446222215956,0,0.510034350340311,0
0.999535962298722,0,0.0304607956489636,0,1,0,-0.0304607956489636,0,0.999535962298722,0.0195869708929276,0,0.510746214388185,0
0.999467791275638,0,0.032621069918038,0,1,0,-0.032621069918038,0,0.999467791275638,0.0209888577353304,0,0.511485854783508,0
0.999391798721134,0,0.0348716596814163,0,1,0,-0.0348716596814163,0,0.999391798721134,0.0224511560104919,0,0.512253248319236,0
0.999307336725023,0,0.037213529361541,0,1,0,-0.037213529361541,0,0.999307336725023,0.0239747154051617,0,0.51304833155576,0
0.99921372525105,0,0.0396475884502261,0,1,0,-0.0396475884502261,0,0.99921372525105,0.0255603622335134,0,0.513871000660752,0
0.999110251867388,0,0.0421746916228741,0,1,0,-0.0421746916228741,0,0.999110251867388,0.0272088996076541,0,0.514721111278752,0
0.998996171534882,0,0.044795638835143,0,1,0,-0.044795638835143,0,0.998996171534882,0.0289211075760089,0,0.515598478431227,0
0.99887070645399,0,0.0475111754022963,0,1,0,-0.0475111754022963,0,0.99887070645399,0.0306977432293927,0,0.516502876447751,0
0.998733045971223,0,0.0503219920615558,0,1,0,-0.0503219920615558,0,0.998733045971223,0.0325395407746736,0,0.517434038928969,0
0.998582346545829,0,0.0532287250178533,0,1,0,-0.0532287250178533,0,0.998582346545829,0.0344472115760186,0,0.518391658741938,0
0.998417731777335,0,0.056231955973467,0,1,0,-0.056231955973467,0,0.998417731777335,0.0364214441638013,0,0.519375388048433,0
0.998238292494494,0,0.0593322121421101,0,1,0,-0.0593322121421101,0,0.998238292494494,0.038462904211341,0,0.520384838366755,0
0.998043086906076,0,0.0625299662481239,0,1,0,-0.0625299662481239,0,0.998043086906076,0.0405722344797265,0,0.521419580667568,0
0.997831140813842,0,0.0658256365115129,0,1,0,-0.0658256365115129,0,0.997831140813842,0.0427500547310716,0,0.522479145504248,0
0.997601447887986,0,0.0692195866196431,0,1,0,-0.0692195866196431,0,0.997601447887986,0.0449969616106276,0,0.523563023178212,0
0.997352970005178,0,0.0727121256865074,0,1,0,-0.0727121256865074,0,0.997352970005178,0.0473135284982714,0,0.52467066393966,0
0.997084637649327,0,0.0763035082005455,0,1,0,-0.0763035082005455,0,0.997084637649327,0.0497003053299668,0,0.525801478224144,0
0.996795350375025,0,0.0799939339620854,0,1,0,-0.0799939339620854,0,0.996795350375025,0.0521578183898828,0,0.526954836925335,0
0.996483977333602,0,0.0837835480115542,0,1,0,-0.0837835480115542,0,0.996483977333602,0.0546865700739349,0,0.52813007170436,0
0.996149357861592,0,0.0876724405496809,0,1,0,-0.0876724405496809,0,0.996149357861592,0.0572870386255944,0,0.529326475336024,0
0.995790302131356,0,0.0916606468509931,0,1,0,-0.0916606468509931,0,0.995790302131356,0.0599596778448915,0,0.530543302092224,0
0.995405591863504,0,0.0957481471719765,0,1,0,-0.0957481471719765,0,0.995405591863504,0.0627049167716147,0,0.531779768162826,0
0.994993981100679,0,0.099934866655343,0,1,0,-0.099934866655343,0,0.994993981100679,0.0655231593437849,0,0.533035052114245,0
0.994554197042174,0,0.104220675231912,0,1,0,-0.104220675231912,0,0.994554197042174,0.0684147840325558,0,0.534308295385954,0
0.994084940938784,0,0.108605387521683,0,1,0,-0.108605387521683,0,0.994084940938784,0.0713801434547637,0,0.535598602825085,0
0.993584889047183,0,0.113088762735723,0,1,0,-0.113088762735723,0,0.993584889047183,0.0744195639644197,0,0.536905043259279,0
0.993052693643068,0,0.117670504580573,0,1,0,-0.117670504580573,0,0.993052693643068,0.077533345224503,0,0.538226650107914,0
0.992486984092181,0,0.122350261166893,0,1,0,-0.122350261166893,0,0.992486984092181,0.0807217597604787,0,0.539562422031764,0
0.991886367978279,0,0.12712762492416,0,1,0,-0.12712762492416,0,0.991886367978279,0.0839850524970259,0,0.540911323621161,0
0.99124943228701,0,0.13200213252323,0,1,0,-0.13200213252323,0,0.99124943228701,0.0873234402795181,0,0.54227228612264,0
0.990574744644572,0,0.13697326480865,0,1,0,-0.13697326480865,0,0.990574744644572,0.0907371113818571,0,0.54364420820405,0
0.989860854609958,0,0.142040446742622,0,1,0,-0.142040446742622,0,0.989860854609958,0.0942262250023117,0,0.545025956758049,0
0.989106295019488,0,0.147203047362552,0,1,0,-0.147203047362552,0,0.989106295019488,0.0977909107490622,0,0.546416367743848,0
0.988309583382262,0,0.15246037975415,0,1,0,-0.15246037975415,0,0.988309583382262,0.101431268117201,0,0.547814247067071,0
0.987469223325068,0,0.157811701042055,0,1,0,-0.157811701042055,0,0.987469223325068,0.105147365958973,0,0.549218371497476,0
0.986583706085202,0,0.163256212399979,0,1,0,-0.163256212399979,0,0.986583706085202,0.108939241949101,0,0.550627489624309,0
0.985651512049578,0,0.168793059082361,0,1,0,-0.168793059082361,0,0.985651512049578,0.112806902047033,0,0.552040322848962,0
0.9846711123384,0,0.174421330479557,0,1,0,-0.174421330479557,0,0.9846711123384,0.116750319958048,0,0.553455566414569,0
0.983640970431626,0,0.180140060198527,0,1,0,-0.180140060198527,0,0.983640970431626,0.120769436595097,0,0.554871890472128,0
0.982559543836322,0,0.185948226171046,0,1,0,-0.185948226171046,0,0.982559543836322,0.124864159543375,0,0.55628794118266,0
0.98142528579296,0,0.191844750791381,0,1,0,-0.191844750791381,0,0.98142528579296,0.129034362529558,0,0.557702341854888,0
0.980236647018618,0,0.197828501085401,0,1,0,-0.197828501085401,0,0.980236647018618,0.133279884897694,0,0.559113694117827,0
0.978992077484968,0,0.203898288913042,0,1,0,-0.203898288913042,0,0.978992077484968,0.137600531093763,0,0.560520579127645,0
0.97769002822884,0,0.210052871206014,0,1,0,-0.210052871206014,0,0.97769002822884,0.14199607016088,0,0.561921558808065,0
0.97632895319311,0,0.216290950242598,0,1,0,-0.216290950242598,0,0.97632895319311,0.146466235247154,0,0.56331517712355,0
0.974907311095549,0,0.222611173961342,0,1,0,-0.222611173961342,0,0.974907311095549,0.151010723128219,0,0.564699961384399,0
0.973423567323215,0,0.229012136315404,0,1,0,-0.229012136315404,0,0.973423567323215,0.155629193746405,0,0.566074423582884,0
0.971876195849907,0,0.235492377669244,0,1,0,-0.235492377669244,0,0.971876195849907,0.160321269768552,0,0.567437061759416,0
0.9702636811741,0,0.24205038523928,0,1,0,-0.24205038523928,0,0.9702636811741,0.165086536164429,0,0.568786361397728,0
0.96858452027477,0,0.248684593580086,0,1,0,-0.248684593580086,0,0.96858452027477,0.169924539807701,0,0.570120796847947,0
0.966837224582384,0,0.255393385117613,0,1,0,-0.255393385117613,0,0.966837224582384,0.174834789101364,0,0.571438832776404,0
0.965020321962333,0,0.262175090730823,0,1,0,-0.262175090730823,0,0.965020321962333,0.179816753629554,0,0.572738925640911,0
0.963132358708004,0,0.269027990383077,0,1,0,-0.269027990383077,0,0.963132358708004,0.18486986383756,0,0.574019525190218,0
0.961171901540617,0,0.275950313804487,0,1,0,-0.275950313804487,0,0.961171901540617,0.189993510741887,0,0.57527907598627,0
0.959137539612942,0,0.282940241226363,0,1,0,-0.282940241226363,0,0.959137539612942,0.195187045672115,0,0.576516018947807,0
0.957027886513933,0,0.289995904168793,0,1,0,-0.289995904168793,0,0.957027886513933,0.200449780046305,0,0.577728792913819,0
0.954841582271293,0,0.297115386282255,0,1,0,-0.297115386282255,0,0.954841582271293,0.205780985181594,0,0.578915836225267,0
0.952577295348945,0,0.304296724244097,0,1,0,-0.304296724244097,0,0.952577295348945,0.211179892141619,0,0.580075588323438,0
0.950233724636343,0,0.31153790871055,0,1,0,-0.31153790871055,0,0.950233724636343,0.216645691622301,0,0.581206491363243,0
0.947809601426541,0,0.318836885324866,0,1,0,-0.318836885324866,0,0.947809601426541,0.222177533877481,0,0.582306991839684,0
0.945303691379918,0,0.32619155578203,0,1,0,-0.32619155578203,0,0.945303691379918,0.227774528685824,0,0.583375542225683,0
0.942714796470425,0,0.333599778950354,0,1,0,-0.333599778950354,0,0.942714796470425,0.233435745360322,0,0.584410602619399,0
0.940041756911229,0,0.34105937205016,0,1,0,-0.34105937205016,0,0.940041756911229,0.239160212801657,0,0.585410642399092,0
0.937283453056606,0,0.348568111889606,0,1,0,-0.348568111889606,0,0.937283453056606,0.244946919596604,0,0.586374141883569,0
0.934438807276951,0,0.356123736157572,0,1,0,-0.356123736157572,0,0.934438807276951,0.250794814162558,0,0.587299593996177,0
0.93150678580377,0,0.363723944773407,0,1,0,-0.363723944773407,0,0.93150678580377,0.256702804939181,0,0.588185505930264,0
0.928486400541531,0,0.371366401293159,0,1,0,-0.371366401293159,0,0.928486400541531,0.262669760628084,0,0.589030400813996,0
0.92537671084328,0,0.379048734371811,0,1,0,-0.379048734371811,0,0.92537671084328,0.26869451048134,0,0.589832819372373,0
0.922176825246944,0,0.386768539280882,0,1,0,-0.386768539280882,0,0.922176825246944,0.274775844639545,0,0.590591321584247,0
0.918885903169273,0,0.394523379480596,0,1,0,-0.394523379480596,0,0.918885903169273,0.280912514520019,0,0.591304488332127,0
0.915503156554424,0,0.402310788245711,0,1,0,-0.402310788245711,0,0.915503156554424,0.287103233255662,0,0.591970923042516,0
0.912027851474227,0,0.410128270343931,0,1,0,-0.410128270343931,0,0.912027851474227,0.293346676184849,0,0.592589253314495,0
0.908459309677215,0,0.417973303765682,0,1,0,-0.417973303765682,0,0.908459309677215,0.299641481392632,0,0.593158132534284,0
0.904796910083575,0,0.425843341503909,0,1,0,-0.425843341503909,0,0.904796910083575,0.305986250303446,0,0.593676241473446,0
0.901040090223244,0,0.433735813382395,0,1,0,-0.433735813382395,0,0.901040090223244,0.312379548325351,0,0.594142289868436,0
0.897188347614417,0,0.44164812793095,0,1,0,-0.44164812793095,0,0.897188347614417,0.318819905545755,0,0.59455501797916,0
0.893241241079841,0,0.449577674305726,0,1,0,-0.449577674305726,0,0.893241241079841,0.325305817478458,0,0.594913198124224,0
0.889198391998354,0,0.457521824252725,0,1,0,-0.457521824252725,0,0.889198391998354,0.331835745861709,0,0.595215636190564,0
0.88505948548919,0,0.465477934112468,0,1,0,-0.465477934112468,0,0.88505948548919,0.338408119506867,0,0.595461173115128,0
0.880824271526696,0,0.473443346863661,0,1,0,-0.473443346863661,0,0.880824271526696,0.345021335197157,0,0.595648686336346,0
0.876492565983209,0,0.481415394203562,0,1,0,-0.481415394203562,0,0.876492565983209,0.351673758635857,0,0.595777091213087,0
0.87206425159792,0,0.489391398662624,0,1,0,-0.489391398662624,0,0.87206425159792,0.358363725443177,0,0.595845342408875,0
0.867539278869721,0,0.497368675750901,0,1,0,-0.497368675750901,0,0.867539278869721,0.365089542200926,0,0.595852435239149,0
0.862917666872084,0,0.505344536133556,0,1,0,-0.505344536133556,0,0.862917666872084,0.371849487544012,0,0.595797406979368,0
0.858199503988218,0,0.513316287832733,0,1,0,-0.513316287832733,0,0.858199503988218,0.378641813297639,0,0.595679338131854,0
0.853384948564815,0,0.521281238452938,0,1,0,-0.521281238452938,0,0.853384948564815,0.385464745659002,0,0.595497353649259,0
0.848474229482888,0,0.529236697426982,0,1,0,-0.529236697426982,0,0.848474229482888,0.392316486422154,0,0.595250624112622,0
0.843467646644301,0,0.537179978279463,0,1,0,-0.537179978279463,0,0.843467646644301,0.399195214244599,0,0.594938366862047,0
0.838365571372763,0,0.545108400904646,0,1,0,-0.545108400904646,0,0.838365571372763,0.406099085954086,0,0.594559847078071,0
0.833168446728198,0,0.553019293855578,0,1,0,-0.553019293855578,0,0.833168446728198,0.413026237893959,0,0.594114378811873,0
0.827876787733549,0,0.560909996641155,0,1,0,-0.560909996641155,0,0.827876787733549,0.419974787305325,0,0.593601325962556,0
0.822491181513241,0,0.568777862027833,0,1,0,-0.568777862027833,0,0.822491181513241,0.426942833744193,0,0.593020103199781,0
0.817012287342678,0,0.576620258342598,0,1,0,-0.576620258342598,0,0.817012287342678,0.433928460531686,0,0.592370176830149,0
0.811440836608311,0,0.584434571773783,0,1,0,-0.584434571773783,0,0.811440836608311,0.440929736235274,0,0.591651065605794,0
0.805777632677978,0,0.59221820866626,0,1,0,-0.59221820866626,0,0.805777632677978,0.447944716178974,0,0.59086234147373,0
0.800023550681389,0,0.599968597807538,0,1,0,-0.599968597807538,0,0.800023550681389,0.454971443980302,0,0.590003630264618,0
0.794179537200774,0,0.607683192701233,0,1,0,-0.607683192701233,0,0.794179537200774,0.462007953111756,0,0.58907461231969,0
0.788246609871903,0,0.615359473824408,0,1,0,-0.615359473824408,0,0.788246609871903,0.469052268484496,0,0.588075023054686,0
0.782225856895835,0,0.622994950865235,0,1,0,-0.622994950865235,0,0.782225856895835,0.476102408051847,0,0.587004653459743,0
0.776118436461937,0,0.630587164937471,0,1,0,-0.630587164937471,0,0.776118436461937,0.483156384430186,0,0.585863350534318,0
0.769925576082855,0,0.63813369076823,0,1,0,-0.63813369076823,0,0.769925576082855,0.490212206534712,0,0.584651017656304,0
0.763648571842318,0,0.645632138855546,0,1,0,-0.645632138855546,0,0.763648571842318,0.49726788122757,0,0.583367614884613,0
0.757288787556789,0,0.653080157592288,0,1,0,-0.653080157592288,0,0.757288787556789,0.504321414975748,0,0.582013159194658,0
0.750847653852155,0,0.660475435352984,0,1,0,-0.660475435352984,0,0.750847653852155,0.511370815516121,0,0.580587724646206,0
0.744326667156811,0,0.667815702540179,0,1,0,-0.667815702540179,0,0.744326667156811,0.51841409352502,0,0.579091442483282,0
0.737727388612633,0,0.67509873358701,0,1,0,-0.67509873358701,0,0.737727388612633,0.52544926428964,0,0.577524501165845,0
0.731051442905508,0,0.682322348912722,0,1,0,-0.682322348912722,0,0.731051442905508,0.532474349378613,0,0.575887146333123,0
0.724300517017229,0,0.689484416827948,0,1,0,-0.689484416827948,0,0.724300517017229,0.539487378309071,0,0.574179680698614,0
0.717476358900702,0,0.69658285538663,0,1,0,-0.69658285538663,0,0.717476358900702,0.546486390207472,0,0.572402463876851,0
0.710580776080584,0,0.703615634181557,0,1,0,-0.703615634181557,0,0.710580776080584,0.553469435461531,0,0.570555912142187,0
0.703615634181557,0,0.710580776080584,0,1,0,-0.710580776080584,0,0.703615634181557,0.560434577360558,0,0.568640498119954,0
0.69658285538663,0,0.717476358900702,0,1,0,-0.717476358900702,0,0.69658285538663,0.567379893721544,0,0.566656750410481,0
0.689484416827948,0,0.724300517017228,0,1,0,-0.724300517017228,0,0.689484416827948,0.574303478498352,0,0.564605253146562,0
0.682322348912721,0,0.731051442905509,0,1,0,-0.731051442905509,0,0.682322348912721,0.581203443371401,0,0.562486645485107,0
0.67509873358701,0,0.737727388612633,0,1,0,-0.737727388612633,0,0.67509873358701,0.588077919315262,0,0.560301621033798,0
0.667815702540179,0,0.744326667156811,0,1,0,-0.744326667156811,0,0.667815702540179,0.594925058141652,0,0.558050927213708,0
0.660475435352984,0,0.750847653852155,0,1,0,-0.750847653852155,0,0.660475435352984,0.601743034015292,0,0.555735364558934,0
0.653080157592288,0,0.757288787556789,0,1,0,-0.757288787556789,0,0.653080157592288,0.608530044940249,0,0.55335578595442,0
0.645632138855546,0,0.763648571842318,0,1,0,-0.763648571842318,0,0.645632138855546,0.615284314214343,0,0.550913095813251,0
0.63813369076823,0,0.769925576082855,0,1,0,-0.769925576082855,0,0.63813369076823,0.622004091849337,0,0.548408249194782,0
0.630587164937471,0,0.776118436461937,0,1,0,-0.776118436461937,0,0.630587164937471,0.628687655954652,0,0.54584225086509,0
0.622994950865235,0,0.782225856895835,0,1,0,-0.782225856895835,0,0.622994950865235,0.635333314082448,0,0.543216154301327,0
0.615359473824408,0,0.788246609871903,0,1,0,-0.788246609871903,0,0.615359473824408,0.64193940453199,0,0.540531060641625,0
0.607683192701234,0,0.794179537200774,0,1,0,-0.794179537200774,0,0.607683192701234,0.648504297611296,0,0.537788117582317,0
0.599968597807538,0,0.800023550681389,0,1,0,-0.800023550681389,0,0.599968597807538,0.655026396854153,0,0.534988518224309,0
0.59221820866626,0,0.805777632677978,0,1,0,-0.805777632677978,0,0.59221820866626,0.661504140190692,0,0.532133499870508,0
0.584434571773782,0,0.811440836608311,0,1,0,-0.811440836608311,0,0.584434571773782,0.667936001069803,0,0.529224342776299,0
0.576620258342598,0,0.817012287342678,0,1,0,-0.817012287342678,0,0.576620258342598,0.674320489531766,0,0.526262368855127,0
0.568777862027833,0,0.822491181513241,0,1,0,-0.822491181513241,0,0.568777862027833,0.680656153229602,0,0.523248940341293,0
0.560909996641155,0,0.827876787733549,0,1,0,-0.827876787733549,0,0.560909996641155,0.686941578397719,0,0.520185458412148,0
0.553019293855578,0,0.833168446728198,0,1,0,-0.833168446728198,0,0.553019293855578,0.693175390766579,0,0.517073361771903,0
0.545108400904647,0,0.838365571372763,0,1,0,-0.838365571372763,0,0.545108400904647,0.699356256422202,0,0.513914125199339,0
0.537179978279464,0,0.843467646644301,0,1,0,-0.843467646644301,0,0.537179978279464,0.705482882609436,0,0.510709258061717,0
0.529236697426983,0,0.848474229482888,0,1,0,-0.848474229482888,0,0.529236697426983,0.71155401847806,0,0.507460302797248,0
0.521281238452938,0,0.853384948564815,0,1,0,-0.853384948564815,0,0.521281238452938,0.71756845577088,0,0.504168833368493,0
0.513316287832734,0,0.858199503988217,0,1,0,-0.858199503988217,0,0.513316287832734,0.723525029453123,0,0.500836453689096,0
0.505344536133556,0,0.862917666872084,0,1,0,-0.862917666872084,0,0.505344536133556,0.72942261828254,0,0.497464796026272,0
0.497368675750901,0,0.867539278869721,0,1,0,-0.867539278869721,0,0.497368675750901,0.735260145319746,0,0.494055519381473,0
0.489391398662624,0,0.87206425159792,0,1,0,-0.87206425159792,0,0.489391398662624,0.741036578378473,0,0.490610307851669,0
0.481415394203561,0,0.876492565983209,0,1,0,-0.876492565983209,0,0.481415394203561,0.746750930415505,0,0.487130868973683,0
0.473443346863661,0,0.880824271526696,0,1,0,-0.880824271526696,0,0.473443346863661,0.752402259860192,0,0.483618932054011,0
0.465477934112467,0,0.88505948548919,0,1,0,-0.88505948548919,0,0.465477934112467,0.757989670883589,0,0.480076246486529,0
0.457521824252725,0,0.889198391998354,0,1,0,-0.889198391998354,0,0.457521824252725,0.763512313607338,0,0.476504580060515,0
0.449577674305726,0,0.893241241079841,0,1,0,-0.893241241079841,0,0.449577674305726,0.768969384252573,0,0.472905717261342,0
0.44164812793095,0,0.897188347614416,0,1,0,-0.897188347614416,0,0.44164812793095,0.774360125229221,0,0.469281457566207,0
0.433735813382395,0,0.901040090223244,0,1,0,-0.901040090223244,0,0.433735813382395,0.7796838251662,0,0.465633613737203,0
0.425843341503909,0,0.904796910083575,0,1,0,-0.904796910083575,0,0.425843341503909,0.784939818883113,0,0.461964010114038,0
0.417973303765681,0,0.908459309677215,0,1,0,-0.908459309677215,0,0.417973303765681,0.790127487304165,0,0.458274480908612,0
0.410128270343931,0,0.912027851474228,0,1,0,-0.912027851474228,0,0.410128270343931,0.795246257315145,0,0.454566868503663,0
0.402310788245712,0,0.915503156554424,0,1,0,-0.915503156554424,0,0.402310788245712,0.800295601564375,0,0.45084302175762,0
0.394523379480596,0,0.918885903169273,0,1,0,-0.918885903169273,0,0.394523379480596,0.805275038208695,0,0.447104794317741,0
0.386768539280882,0,0.922176825246944,0,1,0,-0.922176825246944,0,0.386768539280882,0.810184130605607,0,0.443354042943579,0
0.379048734371811,0,0.92537671084328,0,1,0,-0.92537671084328,0,0.379048734371811,0.81502248695281,0,0.439592625842719,0
0.371366401293158,0,0.928486400541531,0,1,0,-0.928486400541531,0,0.371366401293158,0.819789759876457,0,0.435822401020693,0
0.363723944773407,0,0.93150678580377,0,1,0,-0.93150678580377,0,0.363723944773407,0.824485645969544,0,0.432045224646914,0
0.356123736157573,0,0.934438807276951,0,1,0,-0.934438807276951,0,0.356123736157573,0.829109885281937,0,0.428262949438348,0
0.348568111889606,0,0.937283453056606,0,1,0,-0.937283453056606,0,0.348568111889606,0.833662260763605,0,0.424477423062643,0
0.341059372050161,0,0.940041756911229,0,1,0,-0.940041756911229,0,0.341059372050161,0.838142597662725,0,0.420690486562298,0
0.333599778950354,0,0.942714796470425,0,1,0,-0.942714796470425,0,0.333599778950354,0.842550762880393,0,0.41690397280138,0
0.326191555782031,0,0.945303691379918,0,1,0,-0.945303691379918,0,0.326191555782031,0.846886664283712,0,0.413119704936264,0
0.318836885324866,0,0.947809601426541,0,1,0,-0.947809601426541,0,0.318836885324866,0.851150249979156,0,0.409339494911723,0
0.31153790871055,0,0.950233724636343,0,1,0,-0.950233724636343,0,0.31153790871055,0.855341507548094,0,0.40556514198365,0
0.304296724244097,0,0.952577295348945,0,1,0,-0.952577295348945,0,0.304296724244097,0.859460463246468,0,0.401798431269604,0
0.297115386282254,0,0.954841582271293,0,1,0,-0.954841582271293,0,0.297115386282254,0.863507181170632,0,0.398041132328281,0
0.289995904168792,0,0.957027886513933,0,1,0,-0.957027886513933,0,0.289995904168792,0.867481762391445,0,0.394294997768905,0
0.282940241226363,0,0.959137539612942,0,1,0,-0.959137539612942,0,0.282940241226363,0.871384344058694,0,0.390561761891497,0
0.275950313804487,0,0.961171901540617,0,1,0,-0.961171901540617,0,0.275950313804487,0.875215098478017,0,0.386843139358834,0
0.269027990383077,0,0.963132358708004,0,1,0,-0.963132358708004,0,0.269027990383077,0.878974232162487,0,0.383140823900863,0
0.262175090730823,0,0.965020321962333,0,1,0,-0.965020321962333,0,0.262175090730823,0.882661984861064,0,0.379456487052245,0
0.255393385117613,0,0.966837224582384,0,1,0,-0.966837224582384,0,0.255393385117613,0.886278628566135,0,0.375791776923592,0
0.248684593580086,0,0.96858452027477,0,1,0,-0.96858452027477,0,0.248684593580086,0.889824466502385,0,0.372148317006909,0
0.242050385239279,0,0.970263681174101,0,1,0,-0.970263681174101,0,0.242050385239279,0.893299832099251,0,0.368527705015651,0
0.235492377669244,0,0.971876195849907,0,1,0,-0.971876195849907,0,0.235492377669244,0.896705087949215,0,0.364931511759734,0
0.229012136315405,0,0.973423567323215,0,1,0,-0.973423567323215,0,0.229012136315405,0.900040624754216,0,0.361361280055736,0
0.222611173961342,0,0.974907311095549,0,1,0,-0.974907311095549,0,0.222611173961342,0.903306860262426,0,0.357818523672492,0
0.216290950242598,0,0.97632895319311,0,1,0,-0.97632895319311,0,0.216290950242598,0.906504238197666,0,0.354304726312158,0
0.210052871206015,0,0.97769002822884,0,1,0,-0.97769002822884,0,0.210052871206015,0.909633227183705,0,0.350821340626789,0
0.203898288913044,0,0.978992077484968,0,1,0,-0.978992077484968,0,0.203898288913044,0.912694319665689,0,0.347369787270366,0
0.197828501085401,0,0.980236647018618,0,1,0,-0.980236647018618,0,0.197828501085401,0.915688030830912,0,0.343951453986192,0
0.191844750791381,0,0.98142528579296,0,1,0,-0.98142528579296,0,0.191844750791381,0.918614897531136,0,0.340567694729453,0
0.185948226171047,0,0.982559543836322,0,1,0,-0.982559543836322,0,0.185948226171047,0.921475477208651,0,0.337219828824709,0
0.180140060198527,0,0.983640970431626,0,1,0,-0.983640970431626,0,0.180140060198527,0.924270346828196,0,0.333909140158025,0
0.174421330479556,0,0.9846711123384,0,1,0,-0.9846711123384,0,0.174421330479556,0.927000101816891,0,0.330636876403387,0
0.168793059082361,0,0.985651512049578,0,1,0,-0.985651512049578,0,0.168793059082361,0.92966535501425,0,0.327404248282977,0
0.163256212399978,0,0.986583706085203,0,1,0,-0.986583706085203,0,0.163256212399978,0.932266735634325,0,0.324212428860871,0
0.157811701042057,0,0.987469223325068,0,1,0,-0.987469223325068,0,0.157811701042057,0.934804888241985,0,0.321062552869648,0
0.152460379754151,0,0.988309583382262,0,1,0,-0.988309583382262,0,0.152460379754151,0.937280471745313,0,0.317955716069341,0
0.147203047362552,0,0.989106295019488,0,1,0,-0.989106295019488,0,0.147203047362552,0.939694158405999,0,0.314892974638191,0
0.142040446742623,0,0.989860854609958,0,1,0,-0.989860854609958,0,0.142040446742623,0.942046632869648,0,0.311875344594531,0
0.13697326480865,0,0.990574744644572,0,1,0,-0.990574744644572,0,0.13697326480865,0.944338591217779,0,0.308903801249171,0
0.132002132523229,0,0.99124943228701,0,1,0,-0.99124943228701,0,0.132002132523229,0.946570740043299,0,0.305979278687599,0
0.127127624924161,0,0.991886367978279,0,1,0,-0.991886367978279,0,0.127127624924161,0.948743795551145,0,0.303102669281278,0
0.122350261166892,0,0.992486984092181,0,1,0,-0.992486984092181,0,0.122350261166892,0.950858482685767,0,0.300274823227309,0
0.117670504580573,0,0.993052693643068,0,1,0,-0.993052693643068,0,0.117670504580573,0.952915534286998,0,0.297496548115727,0
0.113088762735721,0,0.993584889047183,0,1,0,-0.993584889047183,0,0.113088762735721,0.954915690275881,0,0.294768608523626,0
0.108605387521683,0,0.994084940938784,0,1,0,-0.994084940938784,0,0.108605387521683,0.956859696871865,0,0.292091725635382,0
0.104220675231913,0,0.994554197042174,0,1,0,-0.994554197042174,0,0.104220675231913,0.958748305842818,0,0.289466576888132,0
0.0999348666553421,0,0.994993981100679,0,1,0,-0.994993981100679,0,0.0999348666553421,0.960582273789122,0,0.286893795641777,0
0.0957481471719762,0,0.995405591863504,0,1,0,-0.995405591863504,0,0.0957481471719762,0.962362361463143,0,0.284373970872655,0
0.091660646850994,0,0.995790302131356,0,1,0,-0.995790302131356,0,0.091660646850994,0.964089333125254,0,0.281907646890125,0
0.0876724405496818,0,0.996149357861592,0,1,0,-0.996149357861592,0,0.0876724405496818,0.965763955937506,0,0.279495323075249,0
0.083783548011554,0,0.996483977333602,0,1,0,-0.996483977333602,0,0.083783548011554,0.967386999395983,0,0.277137453640796,0
0.079993933962086,0,0.996795350375025,0,1,0,-0.996795350375025,0,0.079993933962086,0.968959234802823,0,0.274834447411776,0
0.0763035082005457,0,0.997084637649327,0,1,0,-0.997084637649327,0,0.0763035082005457,0.970481434778748,0,0.272586667625729,0
0.072712125686509,0,0.997352970005178,0,1,0,-0.997352970005178,0,0.072712125686509,0.971954372816942,0,0.270394431752026,0
0.0692195866196414,0,0.997601447887986,0,1,0,-0.997601447887986,0,0.0692195866196414,0.973378822878971,0,0.268258011329416,0
0.0658256365115136,0,0.997831140813842,0,1,0,-0.997831140813842,0,0.0658256365115136,0.974755559033401,0,0.266177631821107,0
0.0625299662481241,0,0.998043086906076,0,1,0,-0.998043086906076,0,0.0625299662481241,0.976085355137679,0,0.264153472486631,0
0.0593322121421104,0,0.998238292494494,0,1,0,-0.998238292494494,0,0.0593322121421104,0.977368984563725,0,0.262185666269849,0
0.0562319559734675,0,0.998417731777335,0,1,0,-0.998417731777335,0,0.0562319559734675,0.978607219967669,0,0.260274299702369,0
0.053228725017853,0,0.998582346545829,0,1,0,-0.998582346545829,0,0.053228725017853,0.979800833103994,0,0.258419412821744,0
0.0503219920615559,0,0.998733045971223,0,1,0,-0.998733045971223,0,0.0503219920615559,0.980950594684341,0,0.25662099910381,0
0.0475111754022961,0,0.99887070645399,0,1,0,-0.99887070645399,0,0.0475111754022961,0.982057274281086,0,0.254879005408535,0
0.0447956388351426,0,0.998996171534882,0,1,0,-0.998996171534882,0,0.0447956388351426,0.983121640275748,0,0.253193331938798,0
0.0421746916228738,0,0.999110251867388,0,1,0,-0.999110251867388,0,0.0421746916228738,0.984144459852168,0,0.25156383221151,0
0.0396475884502278,0,0.99921372525105,0,1,0,-0.99921372525105,0,0.0396475884502278,0.985126499034337,0,0.249990313040526,0
0.0372135293615413,0,0.999307336725023,0,1,0,-0.999307336725023,0,0.0372135293615413,0.986068522768644,0,0.248472534530803,0
0.0348716596814184,0,0.999391798721134,0,1,0,-0.999391798721134,0,0.0348716596814184,0.986971295050209,0,0.247010210083315,0
0.0326210699180378,0,0.999467791275638,0,1,0,-0.999467791275638,0,0.0326210699180378,0.987835579092931,0,0.245603006410168,0
0.0304607956489632,0,0.999535962298722,0,1,0,-0.999535962298722,0,0.0304607956489632,0.988662137542686,0,0.244250543559501,0
0.0283898173892007,0,0.999596927900745,0,1,0,-0.999596927900745,0,0.0283898173892007,0.98945173273314,0,0.242952394949635,0
0.0264070604415093,0,0.99965127277408,0,1,0,-0.99965127277408,0,0.0264070604415093,0.990205126983429,0,0.241708087412066,0
0.0245113947289233,0,0.999699550629309,0,1,0,-0.999699550629309,0,0.0245113947289233,0.99092308293695,0,0.240517101242813,0
0.0227016346095591,0,0.999742284684435,0,1,0,-0.999742284684435,0,0.0227016346095591,0.991606363940362,0,0.239378870261701,0
0.0209765386739155,0,0.999779968205636,0,1,0,-0.999779968205636,0,0.0209765386739155,0.992255734461798,0,0.238292781879164,0
0.0193348095247807,0,0.999813065097991,0,1,0,-0.999813065097991,0,0.0193348095247807,0.992871960547236,0,0.237258177170069,0
0.0177750935401102,0,0.999842010544486,0,1,0,-0.999842010544486,0,0.0177750935401102,0.99345581031382,0,0.236274350954196,0
0.0162959806192315,0,0.999867211691461,0,1,0,-0.999867211691461,0,0.0162959806192315,0.994008054478835,0,0.235340551882915,0
0.0148960039126798,0,0.999889048378586,0,1,0,-0.999889048378586,0,0.0148960039126798,0.994529466923002,0,0.23445598253157,0
0.0135736395362449,0,0.999907873911262,0,1,0,-0.999907873911262,0,0.0135736395362449,0.995020825286541,0,0.233619799497188,0
0.0123273062696609,0,0.999924015873273,0,1,0,-0.999924015873273,0,0.0123273062696609,0.99548291159646,0,0.23283111350097,0
0.0111553652405221,0,0.999937776977323,0,1,0,-0.999937776977323,0,0.0111553652405221,0.995916512923354,0,0.232088989495112,0
0.010056119593996,0,0.999949435950994,0,1,0,-0.999949435950994,0,0.010056119593996,0.996322422065935,0,0.231392446773408,0
0.00902781414902554,0,0.999959248455501,0,1,0,-0.999959248455501,0,0.00902781414902554,0.99670143826136,0,0.230740459085123,0
0.0080686350416016,0,0.999967448034467,0,1,0,-0.999967448034467,0,0.0080686350416016,0.997054367919393,0,0.230131954751515,0
0.00717670935589243,0,0.999974247089804,0,1,0,-0.999974247089804,0,0.00717670935589243,0.99738202537824,0,0.229565816784435,0
0.00635010474382769,0,0.999979837881616,0,1,0,-0.999979837881616,0,0.00635010474382769,0.997685233679892,0,0.229040883006276,0
0.00558682903400953,0,0.999984393548892,0,1,0,-0.999984393548892,0,0.00558682903400953,0.99796482536259,0,0.228555946170654,0
0.00488482983053751,0,0.999988069147591,0,1,0,-0.999988069147591,0,0.00488482983053751,0.998221643268019,0,0.228109754082969,0
0.00424199410261616,0,0.999991002702541,0,1,0,-0.999991002702541,0,0.00424199410261616,0.998456541360672,0,0.227701009720089,0
0.00365614776561263,0,0.999993316269422,0,1,0,-0.999993316269422,0,0.00365614776561263,0.998670385556722,0,0.227328371348243,0
0.00312505525435147,0,0.999995117002907,0,1,0,-0.999995117002907,0,0.00312505525435147,0.998864054559651,0,0.226990452638202,0
0.00264641908931795,0,0.999996498226871,0,1,0,-0.999996498226871,0,0.00264641908931795,0.999038440699752,0,0.22668582277668,0
0.00221787943656782,0,0.999997540502378,0,1,0,-0.999997540502378,0,0.00221787943656782,0.99919445077451,0,0.226413006572924,0
0.00183701366192701,0,0.999998312688979,0,1,0,-0.999998312688979,0,0.00183701366192701,0.999333006886776,0,0.226170484559233,0
0.0015013358802457,0,0.999998872994652,0,1,0,-0.999998872994652,0,0.0015013358802457,0.999455047277502,0,0.225956693084218,0
0.00120829650029286,0,0.999999270009517,0,1,0,-0.999999270009517,0,0.00120829650029286,0.999561527149711,0,0.225770024397386,0
0.000955281765850802,0,0.99999954371827,0,1,0,-0.99999954371827,0,0.000955281765850802,0.999653419480276,0,0.225608826723602,0
0.000739613293688435,0,0.999999726486051,0,1,0,-0.999999726486051,0,0.000739613293688435,0.999731715815895,0,0.225471404325919,0
0.000558547608815463,0,0.999999844012272,0,1,0,-0.999999844012272,0,0.000558547608815463,0.999797427049628,0,0.225356017555068,0
0.000409275677530019,0,0.999999916246706,0,1,0,-0.999999916246706,0,0.000409275677530019,0.999851584174171,0,0.225260882883856,0
0.000288922438767658,0,0.999999958261911,0,1,0,-0.999999958261911,0,0.000288922438767658,0.999895239007915,0,0.225184172924657,0
0.00019454633395577,0,0.999999981075862,0,1,0,-0.999999981075862,0,0.00019454633395577,0.999929464889803,0,0.225124016427896,0
0.00012313883590509,0,0.999999992418414,0,1,0,-0.999999992418414,0,0.00012313883590509,0.999955357338723,0,0.225078498259564,0
7.16239768666638e-05,0,0.999999997435003,0,1,0,-0.999999997435003,0,7.16239768666638e-05,0.9999740346732,0,0.225045659355441,0
3.68578760737703e-05,0,0.999999999320748,0,1,0,-0.999999999320748,0,3.68578760737703e-05,0.999986638586901,0,0.225023496649768,0
1.56282668918317e-05,0,0.999999999877879,0,1,0,-0.999999999877879,0,1.56282668918317e-05,0.9999943346754,0,0.225009962975874,0
4.65402378613256e-06,0,0.99999999998917,0,1,0,-0.99999999998917,0,4.65402378613256e-06,0.999998312909473,0,0.225002966936238,0
5.84689137217431e-07,0,0.999999999999829,0,1,0,-0.999999999999829,0,5.84689137217431e-07,0.999999788050079,0,0.225000372739263,0
1.11022302462516e-16,0,1,0,1,0,-1,0,1.11022302462516e-16,1,0,0.225,0
0,0,1,0,1,0,-1,0,0,1,0,0.225,0
0,0,1,0,1,0,-1,0,0,1,0,0.224997969884122,0
0,0,1,0,1,0,-1,0,0,1,0,0.22498400588944,0
0,0,1,0,1,0,-1,0,0,1,0,0.224946846068468,0
0,0,1,0,1,0,-1,0,0,1,0,0.224875947724151,0
0,0,1,0,1,0,-1,0,0,1,0,0.224761472267745,0
0,0,1,0,1,0,-1,0,0,1,0,0.224594270076705,0
0,0,1,0,1,0,-1,0,0,1,0,0.224365865352573,0
0,0,1,0,1,0,-1,0,0,1,0,0.224068440978859,0
0,0,1,0,1,0,-1,0,0,1,0,0.22369482337893,0
0,0,1,0,1,0,-1,0,0,1,0,0.223238467373895,0
0,0,1,0,1,0,-1,0,0,1,0,0.222693441040492,0
0,0,1,0,1,0,-1,0,0,1,0,0.22205441056897,0
0,0,1,0,1,0,-1,0,0,1,0,0.22131662512098,0
0,0,1,0,1,0,-1,0,0,1,0,0.220475901687455,0
0,0,1,0,1,0,-1,0,0,1,0,0.2195286099465,0
0,0,1,0,1,0,-1,0,0,1,0,0.218471657121278,0
0,0,1,0,1,0,-1,0,0,1,0,0.217302472837892,0
0,0,1,0,1,0,-1,0,0,1,0,0.216018993983272,0
0,0,1,0,1,0,-1,0,0,1,0,0.214619649563065,0
0,0,1,0,1,0,-1,0,0,1,0,0.213103345559515,0
0,0,1,0,1,0,-1,0,0,1,0,0.211469449789351,0
0,0,1,0,1,0,-1,0,0,1,0,0.209717776761673,0
0,0,1,0,1,0,-1,0,0,1,0,0.207848572535838,0
0,0,1,0,1,0,-1,0,0,1,0,0.205862499579345,0
0,0,1,0,1,0,-1,0,0,1,0,0.203760621625722,0
0,0,1,0,1,0,-1,0,0,1,0,0.201544388532408,0
0,0,1,0,1,0,-1,0,0,1,0,0.199215621138646,0
0,0,1,0,1,0,-1,0,0,1,0,0.196776496123359,0
0,0,1,0,1,0,-1,0,0,1,0,0.194229530863044,0
0,0,1,0,1,0,-1,0,0,1,0,0.191577568289655,0
0,0,1,0,1,0,-1,0,0,1,0,0.188823761748488,0
0,0,1,0,1,0,-1,0,0,1,0,0.185971559856065,0
0,0,1,0,1,0,-1,0,0,1,0,0.183024691358025,0
0,0,1,0,1,0,-1,0,0,1,0,0.179987149987004,0
0,0,1,0,1,0,-1,0,0,1,0,0.176863179320526,0
0,0,1,0,1,0,-1,0,0,1,0,0.173657257638885,0
0,0,1,0,1,0,-1,0,0,1,0,0.17037408278303,0
0,0,1,0,1,0,-1,0,0,1,0,0.167018557012454,0
0,0,1,0,1,0,-1,0,0,1,0,0.163595771863081,0
0,0,1,0,1,0,-1,0,0,1,0,0.160110993005144,0
0,0,1,0,1,0,-1,0,0,1,0,0.156569645101079,0
0,0,1,0,1,0,-1,0,0,1,0,0.152977296663406,0
0,0,1,0,1,0,-1,0,0,1,0,0.149339644912619,0
0,0,1,0,1,0,-1,0,0,1,0,0.145662500635066,0
0,0,1,0,1,0,-1,0,0,1,0,0.141951773040838,0
0,0,1,0,1,0,-1,0,0,1,0,0.138213454621656,0
0,0,1,0,1,0,-1,0,0,1,0,0.134453606008754,0
0,0,1,0,1,0,-1,0,0,1,0,0.130678340830767,0
0,0,1,0,1,0,-1,0,0,1,0,0.126893810571614,0
0,0,1,0,1,0,-1,0,0,1,0,0.123106189428386,0
0,0,1,0,1,0,-1,0,0,1,0,0.119321659169233,0
0,0,1,0,1,0,-1,0,0,1,0,0.115546393991246,0
0,0,1,0,1,0,-1,0,0,1,0,0.111786545378344,0
0,0,1,0,1,0,-1,0,0,1,0,0.108048226959162,0
0,0,1,0,1,0,-1,0,0,1,0,0.104337499364934,0
0,0,1,0,1,0,-1,0,0,1,0,0.100660355087381,0
0,0,1,0,1,0,-1,0,0,1,0,0.0970227033365935,0
0,0,1,0,1,0,-1,0,0,1,0,0.0934303548989214,0
0,0,1,0,1,0,-1,0,0,1,0,0.0898890069948564,0
0,0,1,0,1,0,-1,0,0,1,0,0.0864042281369194,0
0,0,1,0,1,0,-1,0,0,1,0,0.0829814429875456,0
0,0,1,0,1,0,-1,0,0,1,0,0.0796259172169704,0
0,0,1,0,1,0,-1,0,0,1,0,0.0763427423611154,0
0,0,1,0,1,0,-1,0,0,1,0,0.0731368206794737,0
0,0,1,0,1,0,-1,0,0,1,0,0.0700128500129958,0
0,0,1,0,1,0,-1,0,0,1,0,0.0669753086419754,0
0,0,1,0,1,0,-1,0,0,1,0,0.0640284401439351,0
0,0,1,0,1,0,-1,0,0,1,0,0.0611762382515122,0
0,0,1,0,1,0,-1,0,0,1,0,0.0584224317103446,0
